[1.5     3.33438 3.65288 3.6911  5.01588 5.58918 5.67836 5.99686 6.03508
 6.5445  7.3726  7.51274 8.08604 8.17522 8.49372 8.53194][1.49956431 3.30244595 3.61753537 3.70481301 4.96475688 5.53646376
 5.62866516 5.94335477 6.06565447 6.48254723 7.30900963 7.44856251
 8.017409   8.11142695 8.42842159 8.58286031][1.49821553 3.26008815 3.57701705 3.7264905  4.899829   5.46436359
 5.56752248 5.8986561  6.1113233  6.42022748 7.24107915 7.37788881
 7.93013722 8.04682855 8.39545852 8.65936919][1.49586839 3.20750276 3.53669767 3.74960437 4.82053379 5.37250542
 5.50144059 5.86666896 6.16092641 6.35812106 7.16931188 7.30183135
 7.83086955 7.99338724 8.38998874 8.74598191][1.49239839 3.14484515 3.49629897 3.77296294 4.72650915 5.26421296
 5.43305552 5.8423043  6.21231542 6.29663024 7.09386828 7.22186021
 7.73122602 7.95133901 8.40144897 8.83982283][1.48762486 3.07203351 3.45466814 3.7959881  4.61763439 5.14376643
 5.36183734 5.82127102 6.23580183 6.26469126 7.01448174 7.139979
 7.63830438 7.91869103 8.42415237 8.93996486][1.48128204 2.98851204 3.41027051 3.8182336  4.49403038 5.01398883
 5.28661716 5.80064377 6.17580418 6.31737463 6.9305759  7.05861594
 7.55491306 7.89406672 8.45533158 9.04636556][1.47296729 2.89301801 3.36121892 3.83921773 4.35601955 4.87622677
 5.20627726 5.77838166 6.11603294 6.37043682 6.84175031 6.97998176
 7.48161475 7.8766253  8.4937369  9.15958573][1.46204153 2.78331341 3.30507417 3.85823634 4.20407036 4.73084351
 5.11974282 5.75287078 6.05578322 6.42389688 6.74827384 6.90529001
 7.41795668 7.86594672 8.5390335  9.28078575][1.44741978 2.65578842 3.23839248 3.87373617 4.03902519 4.57755075
 5.02590241 5.72257934 5.99386977 6.47800611 6.65090251 6.8346335
 7.36316077 7.86203633 8.59162556 9.41192266][1.42707245 2.50480761 3.15583912 3.84836093 3.8962613  4.41554991
 4.92356768 5.6857087  5.92849758 6.53304805 6.55035359 6.76742324
 7.31650185 7.86544262 8.65277321 9.55623821][2.4363  2.6274  4.19424 4.64014 4.70384 4.89494 5.7993  6.5     6.61466
 7.06056 7.12426 7.31536][2.41602671 2.62938372 4.15249586 4.59511815 4.67180807 4.90745957
 5.74458161 6.44358501 6.55835302 6.99575239 7.08587192 7.34368865][2.38931    2.63435524 4.09837892 4.53081754 4.64324322 4.93483128
 5.68683714 6.37963525 6.49383408 6.9152092  7.06844689 7.40105188][2.35706891 2.64098863 4.03150851 4.45535991 4.61801372 4.96818637
 5.62653959 6.30818594 6.4238009  6.84005425 7.06522103 7.47009346][2.31974365 2.648278   3.95165273 4.37388707 4.59334415 5.00398366
 5.56407336 6.22912753 6.35191986 6.77624315 7.07127814 7.54610408][2.2772805  2.6554862  3.85873789 4.28807488 4.56751721 5.04074484
 5.49970474 6.1430834  6.28152497 6.723649   7.08430232 7.6276301 ][2.22914995 2.66201868 3.75279823 4.19796506 4.53929124 5.0777864
 5.43354458 6.05187645 6.21436014 6.68054505 7.10303157 7.7143741 ][2.17429284 2.667295   3.63385939 4.10277408 4.50753702 5.11477123
 5.36550164 5.95779381 6.15080173 6.64516145 7.12681892 7.80667104][2.11093923 2.67060528 3.50178037 4.0012148  4.47104629 5.15152193
 5.29523083 5.86266553 6.0906805  6.61617045 7.15548069 7.9053979 ][2.036211   2.67089076 3.35607591 3.8915916  4.4283417  5.1876033
 5.22237654 5.7675069  6.03371587 6.59276484 7.18927847 8.0121013 ][1.9452926  2.66629677 3.19569963 3.77173975 4.37736975 5.14370118
 5.22498039 5.67246352 5.97959748 6.57465877 7.22903585 8.12937764][3.33438 3.65288 5.01588 5.58918 5.67836 5.99686 6.5445  7.3726  7.51274
 8.08604 8.17522 8.49372][3.32534543 3.67659332 4.97693149 5.55608387 5.66857983 6.03806723
 6.49024724 7.31972365 7.46531547 8.04464323 8.16850585 8.55556188][3.31175056 3.70074334 4.92665632 5.5113324  5.66059133 6.0852524
 6.43563467 7.26300719 7.41524016 7.99913257 8.17592625 8.63297947][3.29368736 3.72491569 4.86500364 5.45813557 5.65321814 6.13544634
 6.38126009 7.2031934  7.364424   7.95709923 8.1935913  8.71966761][3.27100245 3.74876954 4.79203776 5.39836647 5.64504187 6.1871199
 6.32759025 7.14106641 7.31453863 7.92131139 8.21896916 8.81319861][3.24326445 3.77199977 4.70791271 5.33271658 5.63495598 6.2394583
 6.27497112 7.07748788 7.26684694 7.89232036 8.25074697 8.91274079][3.20969677 3.79428829 4.6128348  5.26118153 5.62204456 6.22329091
 6.29232339 7.01333522 7.22219086 7.8699409  8.2882912  9.01827861][3.16904799 3.81523614 4.50702014 5.18335097 5.60545007 6.1727674
 6.34528044 6.94938694 7.18109605 7.85385792 8.33143616 9.1303744 ][3.11935236 3.83424919 4.39065645 5.09854393 5.58426365 6.12290158
 6.39855149 6.8862192  7.1439072  7.84389143 8.38043863 9.25017297][3.05748509 3.85030342 4.26388475 5.00585852 5.55738904 6.07308476
 6.45235948 6.8241351  7.11090516 7.84015146 8.43605095 9.37959692][2.97830077 3.86134014 4.12687807 4.90419875 5.52330615 6.02232416
 6.50716576 6.76310332 7.08241116 7.84321241 8.49975522 9.52182469][2.4363  4.19424 4.64014 4.70384 5.7993  6.5     6.61466 7.06056 7.12426][2.45238305 4.1684897  4.62662694 4.73889557 5.75388146 6.45729603
 6.58253004 7.04535296 7.18113965][2.46729517 4.1342932  4.60891396 4.77783061 5.70589092 6.40870269
 6.55008033 7.03690769 7.24974009][2.48100731 4.0918664  4.58925905 4.8175678  5.65588112 6.35568699
 6.51937722 7.03730165 7.32426542][2.49345111 4.04130276 4.56765591 4.85729874 5.60435672 6.29998463
 6.49131375 7.04509307 7.40350429][2.50450309 3.98255251 4.54360663 4.89670285 5.55175431 6.24317038
 6.46612677 7.05892913 7.48717906][2.51395708 3.91539904 4.51641304 4.93563215 5.49841758 6.18643033
 6.44382838 7.07787967 7.57547754][2.52147446 3.83942714 4.48521623 4.97402537 5.4445665  6.13055436
 6.42441845 7.10142663 7.66896871][2.52648934 3.75397448 4.44894426 5.01187843 5.39025686 6.07600899
 6.40797696 7.12942937 7.76865656][2.52801443 3.65805591 4.40617425 5.04923564 5.33532016 6.02300469
 6.39472709 7.16214194 7.87616373][2.52420522 3.55025791 4.35484432 5.08618938 5.27926256 5.97152562
 6.38512902 7.20033354 7.99413668][3.33438 5.01588 5.58918 5.67836 6.5445  7.3726  7.51274 8.08604 8.17522][3.36698721 5.00088656 5.59476614 5.73291041 6.50564872 7.34117878
 7.49787781 8.09782107 8.25420406][3.39817436 4.97819848 5.59635326 5.78917947 6.46643553 7.30713285
 7.48442532 8.11428543 8.34177197][3.42796489 4.94785787 5.59502451 5.84560579 6.42743772 7.27163098
 7.47319367 8.13673599 8.4348074 ][3.45634129 4.90983101 5.59078625 5.90171976 6.38915687 7.23574778
 7.46460801 8.16473792 8.53264489][3.48322884 4.86401509 5.58332107 5.95737539 6.35200678 7.20038416
 7.45891976 8.1978066  8.63531137][3.50846593 4.81023896 5.57214999 6.01256687 6.31630492 7.16625473
 7.45634814 8.23566398 8.74323797][3.5317486  4.74825722 5.55665457 6.06736907 6.28227383 7.1339163
 7.45717066 8.27829893 8.85723851][3.55252172 4.67774173 5.53603696 6.12187811 6.25008965 7.10381143
 7.46179866 8.32601744 8.97861027][3.56975101 4.59828775 5.50921423 6.17552397 6.22058786 7.07631689
 7.47087523 8.37954568 9.10937506][3.58140361 4.50949429 5.47459279 6.18727304 6.23511334 7.05180167
 7.48545019 8.44025939 9.25278138][4.19424 4.64014 5.7993  6.5     6.61466 7.06056][4.19928286 4.68275176 5.77243011 6.48478543 6.62726133 7.12576926][4.20014995 4.72478951 5.74371056 6.46687157 6.64403443 7.19640065][4.19680031 4.76615937 5.71367103 6.44797966 6.66429552 7.27135293][4.18908902 4.80680141 5.68279385 6.42918352 6.68755815 7.35014781][4.17675988 4.84668146 5.65151121 6.41112051 6.71357548 7.43272053][4.15942624 4.88578441 5.62020371 6.39418754 6.7422979  7.51933169][4.13653257 4.92410914 5.58919916 6.37867    6.77385415 7.61056268][4.10728143 4.96166457 5.55877072 6.36482891 6.80857142 7.7073889 ][4.07049413 4.99846574 5.52913329 6.35297639 6.84704737 7.81136077][4.02432947 5.03452728 5.50043702 6.34357275 6.89031463 7.92498855][5.01588 5.58918 6.5445  7.3726  7.51274 8.08604][5.03599461 5.64969607 6.52875759 7.37332878 7.54495921 8.17164139][5.0518651  5.70905201 6.51263877 7.3729475  7.58063661 8.26132469][5.06339813 5.7673063  6.49662473 7.37250541 7.61936653 8.35472828][5.07043254 5.82453463 6.48116341 7.37270654 7.66096342 8.45182176][5.07273306 5.88083031 6.46667499 7.37405572 7.70543225 8.55284563][5.06997546 5.93630713 6.45355947 7.37696919 7.75295137 8.65830666][5.06171663 5.99110559 6.44220855 7.38185734 7.8038868  8.76902602][5.04733752 6.04540407 6.43302652 7.38920116 7.8588477  8.88625613][5.02593271 6.09943815 6.42647015 7.39964854 7.91880692 9.01191444][4.99608651 6.15353402 6.42313143 7.41417577 7.98535048 9.14905512][4.19424 5.7993  6.5     6.61466][4.2433763  5.80014229 6.52563578 6.68913098][4.29086015 5.79990982 6.55119243 6.76693961][4.3367948  5.79897065 6.57744112 6.84743929][4.38127239 5.79765583 6.60467457 6.93061   ][4.42437526 5.79627691 6.63307219 7.01671999][4.46617722 5.79514502 6.66281428 7.10626015][4.50674486 5.79459435 6.69413816 7.19997247][4.54613878 5.79501534 6.72738912 7.29894748][4.58441451 5.79690903 6.76309433 7.40482197][4.62162159 5.80098875 6.80209944 7.52017568][5.01588 6.5445  7.3726  7.51274][5.08154798 6.55958904 7.41601602 7.60535691][5.14532779 6.57432127 7.45954646 7.70087183][5.20737712 6.58903641 7.50375935 7.79908003][5.26784889 6.60407221 7.54898082 7.90016989][5.32689637 6.61978365 7.59549248 8.00456711][5.38468027 6.63656702 7.64361277 8.1129218 ][5.4413794  6.65489385 7.69375407 8.22616468][5.4972076  6.67536393 7.74649058 8.34563337][5.55244309 6.69879691 7.80266765 8.47331432][5.60748292 6.72640809 7.86360845 8.61232175][5.7993 6.5   ][5.83692154 6.57911151][5.87417546 6.65900388][5.91127927 6.73992307][5.94845659 6.8221867 ][5.98595129 6.90620542][6.02404601 6.99251807][6.06308908 7.08184969][6.10353771 7.17521063][6.14603337 7.27407539][6.19154662 7.38073095][6.5445 7.3726][6.59817267 7.46901268][6.65166354 7.56613847][6.70522955 7.66431631][6.75915115 7.76396164][6.81374995 7.86559439][6.86941373 7.96988295][6.92663473 8.07771512][6.9860725  8.19031821][7.04866524 8.30947459][7.11584476 8.43794069][5.7993][5.88268075][5.96635667][6.05065881][6.13597377][6.22276908][6.31163149][6.40332769][6.49890595][6.59987769][6.7085697]